+77051897897
+77078071555
+77014888847
+77789300011
+77476463896
+77011879548
+77083393601
+77771315337
+77028997007
+77001122700
+77770812280
+77071800000
+77089053708
+77076808939
+77774589395
+77787052870
+77474985512
+77477611979
+77783944889
+77056745351
+77056401845
+77711286899
+77016019949
+77015126167
+77004774001
+77023171660
+77071818014
+77773001516
+77064082284
+77775406580
+77083863469
+77021125282
+77479516620
+77779342929
+77073517729
+77085212774
+77003157864
+77073771350
+77009827694
+77059014906
+77005453717
+77066425258
+77752064535
+77767359245
+77058661771
+77017860656
+77056422609
+77055761691
+77001888783
+77004447970
+77777539535
+77054824658
+77716178554
+77007963528
+77762279430
+77053288786
+77003167439
+77780090417
+77056765743
+77059871235
+77755336331
+77477028671
+77779342731
+77012793669
+77760064885
+77473804057
+77075774132
+77076078597
+77713512204
+77080515666
+77053841603
+77471634089
+77784641316
+77768221388
+77051765280
+77055624530
+77054086025
+77004514718
+77753447599
+77006406200
+77021652065
+77053245266
+77005481913
+77024443099
+77769360612
+77052019292
+77478224567
+77053861555
+77075664881
+77754408446
+77083199384
+77776113553
+77765433355
+77778839893
+77066118160
+77053905313
+77052781596
+77009792986
+77774860291
+77711963381
+77083787540
+77077665787
+77774496849
+77051951006
+77021509002
+77022613368
+77711724220
+77774601000
+77765334688
+77058403739
+77071353589
+77784448441
+77054993126
+77056403000
+77477201887
+77711293319
+77006683853
+77753849546
+77082636226
+77000222999
+77001240007
+77051749219
+77779352596
+77716839678
+77084842551
+77754564771
+77003162623
+77011088882
+77765456976
+77475267850
+77770733001
+77005644317
+77774983266
+77051787100
+77080125666
+77713708184
+77017774116
+77059790402
+77759085151
+77718081981
+77053431674
+79999991111
+77029116803
+77073673376
+77055004356
+77081096198
+77056536563
+77716129041
+77003519786
+77779385410
+77765322912
+77075776897
+77751504616
+77002936713
+77021287484
+77757853869
+77052440001
+77079079038
+77025116454
+77005699160
+77021570869
+77079804616
+77074975390
+77078280201
+77776141048
+77072786632
+77776845567
+77751669424
+77005804649
+77076927242
+77760776111
+77760992833
+77768188186
+77003793791
+77474546534
+77059000429
+77058283904
+77776201177
+77064116309
+77760880080
+77776667732
+77054444754
+77715911452
+77776444465
+77019973513
+77006340402
+77001008201
+77015258885
+77768707774
+77479127244
+77088989141
+77051839650
+77053848805
+77080010317
+77775762320
+77021004141
+77084880845
+77006002323
+77075849762
+77052875828
+77082599289
+77712830157
+77754784375
+77776740294
+77002457556
+77016491811
+77786760829
+77768432614
+77051507338
+77477633496
+77712639941
+77003074910
+77771560037
+77054063096
+77002190057
+77056320999
+77751555141
+77054425547
+77774501333
+77056487752
+77081000136
+77715357822
+77017740655
+77779351476
+77056225193
+77051560467
+77015998954
+77074688028
+77769821975
+77471122521
+77772274117
+77073545250
+77473838814
+77753110780
+77777626606
+77712167204
+77475824915
+77003045484
+77059886399
+77478988405
+77001515002
+77764607666
+77768188770
+77081287749
+77000990971
+77754408880
+77072777578
+77777808996
+77756999995
+77762744864
+77070488415
+77001319846
+77076129337
+77009000906
+77071136610
+77086751062
+77021202940
+77088569902
+77017107514
+77051528007
+77712159578
+77776105753
+77716048131
+77013776776
+77001234567
+77760300300
+77017686083
+77073330996
+77081541739
+77051624766
+77774491205
+77085526046
+77762692975
+77078385269
+77017274990
+77019474631
+77774034094
+77055947350
+77767372441
+77051082903
+77765760835
+77051625126
+77013773156
+77071799385
+77789199099
+77073481164
+77087540700
+77055455552
+77476228395
+77080090969
+77056818640
+77757395860
+77073464712
+77066730583
+77022463871
+77711616777
+77471122526
+77750812863
+77474896512
+77064461827
+77016155999
+77714123717
+77782906190
+77022483259
+77011972709
+77750002302
+77476077239
+77765201666
+77084066050
+77477182656
+77770534404
+77081019413
+77755214232
+77055818187
+77765352565
+77472209085
+77075328964
+77012184092
+77087572407
+77718449773
+77775884131
+77088645750
+77004217881
+77773993782
+77075760327
+77057505457
+77054243503
+77014916970
+77056125684
+77022444222
+77713471115
+77756511681
+77783183207
+77777627666
+77779542516
+77067411019
+77054883539
+77021571120
+77757102695
+77052382516
+77088289150
+77023390101
+77008880373
+77076471708
+77056703577
+77783816486
+77064168615
+77054196606
+77479883784
+77058883440
+77772255860
+77026170157
+77477771470
+77754906225
+77051726800
+77029927722
+77059504508
+77020920521
+77779355218
+77051652288
+77084843984
+77013457880
+77003100230
+77774491254
+77056131065
+77070318931
+77776593541
+77471632535
+77054098009
+77056094008
+77088400985
+77778212266
+77015572212
+77073238634
+77027170220
+77083937655
+77000223918
+77071901807
+77020931067
+77710539825
+77711955151
+77770046533
+77479862642
+77477261343
+77788313131
+77051777444
+77053117104
+77719063088
+77472541403
+77471414017
+77089209013
+77056995425
+77471810642
+77014731536
+77009397006
+77475696348
+77768145822
+77056027066
+77066960077
+77767975566
+77472377679
+77051828268
+77472497348
+77082927031
+77762166666
+77019131226
+77051484814
+77714260225
+77781933236
+77021954687
+77088998519
+77001907777
+77776549090
+77056098958
+77073016964
+77003281975
+77474312795
+77789415858
+77053216468
+77751810552
+77717818047
+77087570839
+77079564612
+77773966036
+77782370690
+77051989379
+77768349137
+77772341414
+77081461402
+77004904028
+77088304926
+77021980009
+77017541210
+77051760304
+77760366526
+77054511892
+77787111933
+77083533402
+77058467608
+77474545405
+77475000040
+77762126425
+77755313227
+77079364901
+77776966642
+77778315005
+77058156096
+77079863069
+77054603707
+77027895282
+77752422702
+77015349418
+77056123906
+77066152269
+77025897008
+77752659855
+77758258052
+77765226651
+77782219603
+77073443172
+77006853948
+77028330069
+77024230369
+77084077287
+77074605456
+77717519694
+77001083066
+77088227735
+77028016260
+77079649649
+77779366095
+77782628339
+77476163002
+77774600006
+77478139615
+77016718718
+77009546409
+77003899160
+77779145035
+77073602148
+77028497000
+77079831754
+77777984801
+77002252227
+77716171527
+77073504205
+77072081050
+77066762356
+77021912943
+77024176909
+77011074448
+77077177517
+77054080148
+77017070827
+77713587472
+77000549702
+77472158640
+77754453988
+77789929994
+77476471304
+77021671264
+77758074722
+77056017187
+77083640984
+77017547549
+77753100002
+77072566692
+77719895757
+77771761606
+77781674953
+77028961088
+77051075425
+77072110227
+77012982605
+77084866428
+77056126034
+77779349020
+77787773563
+77071335758
+77021230014
+77004351535
+77056965618
+77781351052
+77768126645
+77072079294
+77789663713
+77075969179
+77475998134
+77076452055
+77760202181
+77054545084
+77056000811
+77021030441
+77006766209
+77057073857
+77025525117
+77713691383
+77770504353
+77056100055
+77056136811
+77783355587
+77052284469
+77023225777
+77017283815
+77001524833
+77089476011
+77774843369
+77776732585
+77772311375
+77713560497
+77077629363
+77007357296
+77087561490
+77759023592
+77015274057
+77779482644
+77074048888
+77757965442
+77023407307
+77762273648
+77757300118
+77026661155
+77073828781
+77075812503
+77007240634
+77064084746
+77775787369
+77715428249
+77470836031
+77476106749
+77768139579
+77768151070
+77003306668
+77081285595
+77474801852
+77776526555
+77086606348
+77713275142
+77758400014
+77056022027
+77075054705
+77022400613
+77059790114
+77002936714
+77071092750
+77056129616
+77770696680
+77775733353
+77765023424
+77071234231
+77784969218
+77002444830
+77066721147
+77079340384
+77078749041
+77719185473
+79122360772
+77054379457
+77026008603
+77076570142
+77026240120
+77711245651
+77055939696
+77775710007
+77054045052
+77007925102
+77053016099
+77072700627
+77762255872
+77758775111
+77715232979
+77015094174
+77718015447
+77017118888
+77018591079
+77013679711
+77016022204
+77789191592
+77774854293
+77052061822
+77056422585
+77016107913
+77083952276
+77054679177
+77080174122
+77085201906
+77788488844
+77476373584
+77473430263
+77054816330
+77071500551
+77471460828
+77078087022
+77056071318
+77784533363
+77059714902
+77077972620
+77767025202
+77719824091
+77022460161
+77009855290
+77029019339
+77028670689
+77082380619
+77075240671
+77056133764
+77713560428
+77005755649
+77081601499
+77018881832
+77750566626
+77008286850
+77771075383
+77054444274
+77768409825
+77784352659
+77075852807
+77477036465
+77059869336
+77777700287
+77017347160
+77059170390
+77083208781
+77073967296
+77786365653
+77758675328
+77071290806
+77779386688
+77760742698
+77074180544
+77059044862
+77770493628
+77787357087
+77713015658
+77051601587
+77053419993
+77779781319
+77018007755
+77474170758
+77018278035
+77718173270
+77767804545
+77768552117
+77010540680
+77474894252
+77750836065
+77002899126
+77781090336
+77076072787
+77754437417
+77757190944
+77714220686
+77056191510
+77476677057
+77080110475
+77478077720
+77012935787
+77009854998
+77015556167
+77761307495
+77789442683
+77085812230
+77074483693
+77476480232
+77765223488
+77471895460
+77476470582
+77757436206
+77052789440
+77053675681
+77009916460
+77475007633
+77474539230
+77012554012
+77755028555
+77001020137
+77028996609
+77022828024
+77477146587
+77082819163
+77779404393
+77478571841
+77474934599
+77083498356
+77018216565
+77785819178
+77028614659
+77779402144
+77474025690
+77775859296
+77054966765
+77476087960
+77028317508
+77475838341
+77477011533
+77005751729
+77025231050
+77760087138
+77075000617
+77085176975
+77085526143
+77085045432
+77767211673
+77714442947
+77714052375
+77477808909
+77756147793
+77015181440
+77017247420
+77079618009
+77051413232
+77476472594
+77767888874
+77758381421
+77086762318
+77779339334
+77781618921
+77071871540
+77088574972
+77055472665
+77087286453
+77784906616
+77712877315
+77017514735
+77081087568
+77052288023
+77051769248
+77022247728
+77075645081
+77016780787
+77474600983
+77078817630
+77712883276
+77002903200
+77774600372
+77078406330
+77087750594
+77768130892
+77474723155
+77764000058
+77776763939
+77057822858
+77712735050
+77056115543
+77056002354
+77015217153
+77014345382
+77472555659
+77087601187
+77078373998
+77087164665
+77015464030
+77764775854
+77056572604
+77028956449
+77025080124
+77472563837
+77078667312
+77473477179
+77054733023
+77773213905
+77077454205
+77053554960
+77770507093
+77782656612
+77003555367
+77782078949
+77018252877
+77475342787
+77789625705
+77752769786
+77477759725
+77751579778
+77754877530
+77073073078
+77055998191
+77054426279
+77057076160
+77054075558
+77778733337
+77056129409
+77051229360
+77000927172
+77472501612
+77712459607
+77085846423
+77755239778
+77056809737
+77013152114
+77017775375
+77054646838
+77074219619
+77470605865
+77758941488
+77717055576
+77000863591
+77020490186
+77768080835
+77021987805
+77073665797
+77020578529
+77784754389
+77083006453
+77775454446
+77475263923
+77475800452
+77786212844
+77784445796
+77767007126
+77754610223
+77787286521
+77771805244
+77088507830
+77059111415
+77055869965
+77089870547
+77715261429
+77052451119
+77753977828
+77715262772
+77714500055
+77056035566
+77005224181
+77053242431
+77711135761
+77475646866
+77089509255
+77051295333
+77025906169
+77778659709
+79052191122
+77770500136
+77475793487
+77776937008
+77784075875
+77055945455
+77775455005
+77475455569
+77772851609
+77053019139
+77718148343
+77056142095
+77770698171
+77004283828
+77082285958
+77001518507
+77077315805
+77770254839
+77072620014
+77475273837
+77761804342
+77080427182
+77075662223
+77751737373
+77058282883
+77778100610
+77761360577
+77087146546
+77779477677
+77716697468
+77770468682
+77470358272
+77715317115
+77778926841
+77776009594
+77710137271
+77771324132
+77087745123
+77478848857
+77081504612
+77029252029
+77786545195
+77017541688
+77475553638
+77076173447
+77002768813
+77770604415
+77054318171
+77476916770
+77472042198
+77054450794
